7.742296081257096000e-01
1.463111082249513000e-02
1.000000000000000000e+00
1.240377249064514900e-01
8.049258887191293000e-01
3.088713697700358000e-01
3.604894392869707500e-01
4.484884088126329700e-01
1.000000000000000000e+00
0.000000000000000000e+00
1.951071056257696600e-01
9.695256859816359000e-01
2.743557963422593000e-01
1.000000000000000000e+00
7.538256249599411000e-01
1.289904922100755800e-01
4.916688103343774000e-01
4.561272362312369000e-01
4.881970419235864000e-01
3.799501220563456000e-01
4.841219370411349300e-01
2.798316044646675000e-01
1.000000000000000000e+00
5.427164149169628000e-01
6.930209501902169000e-01
5.863777978188687000e-01
7.253701123897008000e-01
1.030964078465341800e-01
4.301244414085343000e-01
3.973763348834503700e-01
5.009107547197615000e-01
7.013631728169161000e-01
0.000000000000000000e+00
0.000000000000000000e+00
6.202185511507169000e-01
5.419362380146842000e-01
7.617517802041280000e-01
6.077572878716785000e-01
2.663175444501554300e-01
6.255676862532438000e-01
5.882047965271948000e-01
6.702775837241746000e-01
2.284824064849136400e-01
7.514232638224081000e-01
8.018404348002114000e-01
1.000000000000000000e+00
7.099307896171886000e-01
0.000000000000000000e+00
6.157465720579506000e-01
1.927018327063303400e-01
0.000000000000000000e+00
2.723709630370574300e-02
0.000000000000000000e+00
8.097974100331851000e-01
7.753593988367357000e-01
4.470705349815779000e-02
9.536372613088067000e-01
3.393051253133938500e-01
6.611387137458106000e-01
3.596133379067122000e-01
0.000000000000000000e+00
6.642288125578726000e-01
0.000000000000000000e+00
7.142491913117973000e-01
4.507098766648534600e-01
2.414632508267932600e-01
2.101548036948739400e-01
4.548582988476262000e-01
0.000000000000000000e+00
5.320210160725114000e-01
2.709436740364387000e-01
7.630704732856213000e-01
6.936085288679180000e-01
1.628351220230521700e-01
0.000000000000000000e+00
0.000000000000000000e+00
0.000000000000000000e+00
3.795715153965747400e-01
8.048264987683784000e-01
2.014408842179509800e-01
5.412950459705345000e-01
0.000000000000000000e+00
1.321831296127018400e-02
0.000000000000000000e+00
5.801653895951209000e-01
3.414387272255941000e-01
7.086790474812623000e-01
1.535441447437165800e-01
7.155556888370043000e-01
1.266229912900331300e-01
0.000000000000000000e+00
3.428876208837594600e-01
0.000000000000000000e+00
1.844786272265730400e-01
3.607472798773889000e-01
6.594050417893713000e-01
1.760695809999717200e-01
3.924720962573214000e-02
1.208218826248313400e-01
4.990580226246203000e-01
8.132225288810316000e-01
5.317905249079913000e-01
0.000000000000000000e+00
0.000000000000000000e+00
3.563458010989626000e-01
6.743472861715564000e-01
0.000000000000000000e+00
7.065942944090154000e-01
2.293333759992069000e-01
8.381016235469563000e-02
7.208430418526757000e-01
9.339343870598596000e-01
5.403550153107595000e-02
1.876492041598443200e-01
8.499498798218676000e-01
6.306393331413065000e-01
5.871914071124067000e-01
3.793694704505076000e-01
3.645765924594683300e-01
0.000000000000000000e+00
6.517455163998825000e-01
5.371884992590091000e-01
2.866214458012673600e-01
5.797324702613626500e-02
7.197112477832135000e-02
5.184012511260760000e-01
4.525422990959056500e-01
4.293474415623470500e-01
3.119973840480806400e-01
2.782255189191691000e-01
7.369915409832788000e-01
7.117411334616957000e-01
9.094510901302588000e-01
5.207804280799715000e-01
1.033039367398913600e-02
5.309574060490936000e-01
2.014779411296168000e-01
2.240418429127471000e-01
2.459526757180102700e-01
4.808007751166930600e-01
3.588804118055396500e-01
4.727250542503261000e-01
2.453072383125863800e-01
3.138996477821351400e-01
6.496220284745469000e-01
0.000000000000000000e+00
2.959458134533632400e-03
5.732232347180106000e-01
3.337268714111093500e-01
2.563630597827027000e-02
6.174216887427295000e-01
4.665361440877245400e-01
7.695802609142209000e-01
4.265609474531242000e-01
1.000000000000000000e+00
8.334453997210682000e-01
2.208019939686736200e-01
4.332105077076338000e-01
0.000000000000000000e+00
9.128122750983898000e-01
4.240398220482707300e-01
5.302090518182265000e-01
3.431226868115359600e-01
2.466047048983219800e-01
2.021253188500330400e-01
5.076700568723057000e-01
6.689295490640483000e-01
5.596210882834952000e-01
4.759268115619836000e-01
0.000000000000000000e+00
3.122381680854197000e-01
5.896933277865415000e-01
4.196134860874458600e-01
4.615757592686315000e-02
0.000000000000000000e+00
8.845833850394835000e-01
1.534689642438509200e-01
4.741074360540080700e-01
6.722962874540619000e-01
5.959277791482205000e-01
0.000000000000000000e+00
2.895066876235194000e-01
0.000000000000000000e+00
1.023629797760454700e-01
6.185814576223418000e-01
1.000000000000000000e+00
1.000000000000000000e+00
4.214286789955430000e-01
5.934159779505040000e-01
6.752505624766840000e-01
1.963561505527394200e-01
5.846939480956962000e-01
8.432870728186248000e-01
6.382716531274026000e-01
1.458924752399014500e-01
8.214814363218632000e-01
9.362664267167264000e-02
1.191680284005384200e-01
5.329955120715448000e-01
5.575713397854380000e-01
1.697312066981492300e-01
4.648324659035158000e-01
2.903895997443292000e-01
4.049421197055714000e-02
5.349717454754450000e-01
2.649658124961956600e-01
8.914050063699915000e-01
7.058560616348872000e-01
2.150141462195461800e-01
9.667082336673218000e-01
1.027847447313015000e-01
4.215887354485478600e-01
8.259828445275598000e-01
5.155720827781785000e-01
5.759516455029180000e-01
8.649943306434356000e-01
6.392596608174026000e-01
5.874971260807802000e-01
3.846057837138139000e-01
5.360569315505730000e-01
3.971891205622623000e-01
6.617221553009807000e-01
6.167116381263526600e-02
7.127960740841879000e-01
9.471910534265404000e-02
3.434162145526026000e-02
7.765985143260196000e-02
9.835139928866317000e-01
7.419149846218680000e-01
2.597215224486857000e-01
6.771307043645522000e-01
7.374014541886640000e-01
0.000000000000000000e+00
5.639285087960606000e-01
0.000000000000000000e+00
9.318542796436475000e-01
7.995597805586723000e-01
7.902457774174361000e-01
9.245441288650069000e-01
0.000000000000000000e+00
8.245714442301161000e-02
1.697387838477050200e-01
6.813987919539830000e-01
6.703875709602302000e-01
6.559049403077972000e-01
9.942342468333003000e-01
5.093928427414784000e-01
2.049936162451904700e-01
7.217422282789359000e-01
0.000000000000000000e+00
1.600868570695306300e-01
9.320030640580756000e-02
0.000000000000000000e+00
1.014928281152999700e-01
6.836544999276437000e-01
3.589180088756388500e-01
5.005595786205823000e-01
2.330607204562858400e-01
5.791890958109004000e-01
7.800493215492407000e-01
6.824688648169490000e-01
7.271684512741282000e-01
2.812266326615337500e-01
5.983165596275282000e-01
5.900885790867557000e-01
5.131006161057772000e-02
8.569414698357913000e-01
6.552472433078013000e-01
1.030296741426732200e-01
6.676760287459280000e-01
6.813046952856209000e-01
2.150348571445665000e-01
3.096769002550281400e-01
1.565630335791323700e-02
0.000000000000000000e+00
2.398971179630327600e-01
5.622401438220933000e-01
2.383821282368241000e-01
1.614219449012412300e-01
9.037751251639708000e-02
5.615530909835466000e-01
5.914831745358821000e-01
4.504553462301164600e-01
7.307485995346916000e-01
3.516737633767930000e-01
6.662660984186467000e-01
7.089618867034773000e-01
4.329158268333326000e-01
1.850637386011405600e-02
1.897474039209923200e-01
0.000000000000000000e+00
3.151391832957098000e-01
5.903967602299384000e-01
7.347085744860339000e-01
3.929455863562958400e-02
7.110382487890219000e-01
5.859290984855783000e-01
2.095326898441374800e-01
5.606309361448000000e-01
0.000000000000000000e+00
9.750494723371108000e-01
7.055401625287930000e-01
0.000000000000000000e+00
4.833061735534520700e-01
4.168387989213493400e-01
3.796832374201953000e-01
7.686993323155487000e-01
1.986416043278167000e-01
3.377014831500797000e-01
5.000747064615022000e-01
2.671325129049279000e-01
3.270467369584045000e-01
5.064984081507163000e-01
2.806381057776254000e-01
6.502977540760642000e-01
3.122336636171096000e-01
0.000000000000000000e+00
8.290748031427704000e-01
5.478684675964967000e-01
6.380086111336938000e-01
3.614576942989678000e-01
2.462920743744476000e-01
3.053069765220904000e-01
5.401087339087671000e-01
2.847752197632062400e-01
4.940731335948483300e-01
5.949068237324225000e-01
9.978632863351434000e-01
2.705520898153319600e-01
4.915194394485878000e-02
5.277506604251676000e-01
0.000000000000000000e+00
8.661791557564607000e-01
1.870223075314728000e-01
9.819953814541388000e-02
6.633812877732622000e-01
0.000000000000000000e+00
5.045661782188278000e-01
8.555396107469214000e-01
9.188588317241468000e-01
2.134790815937751000e-01
1.655991060088990000e-01
0.000000000000000000e+00
4.565824905605546700e-01
3.509917125622497000e-02
3.529935742291217000e-01
4.966842055718037000e-01
4.240807002240607500e-01
1.750121950347482400e-01
1.000000000000000000e+00
2.819460568782597000e-01
4.229830174032226400e-01
0.000000000000000000e+00
0.000000000000000000e+00
2.737885977778224400e-01
7.707269579808964000e-01
6.986583332445025000e-01
1.000000000000000000e+00
2.637372162346468500e-02
9.836344535824348000e-01
9.468217054495921000e-01
2.800644693719260000e-01
3.106817777064160000e-01
4.022059312013549500e-01
4.273585870792277000e-01
2.385246914373771000e-01
5.687615339133312000e-01
0.000000000000000000e+00
0.000000000000000000e+00
4.049682510757167700e-01
6.318069380557981000e-01
4.143214290222149000e-01
1.037453949029706900e-01
3.568572976848669600e-01
7.052068250635791000e-01
7.992661858368952000e-01
0.000000000000000000e+00
1.695546458864743000e-01
8.159855400660321000e-01
1.924271528741574600e-01
3.069876872946333000e-01
0.000000000000000000e+00
7.068351069879897000e-02
1.720025260710822400e-01
3.774057966707241600e-01
1.621584511932581000e-01
5.247111844202841000e-01
4.693690767421568000e-01
6.687680629318578000e-01
2.509691563560849700e-01
4.813313699005723000e-01
9.157477234728380000e-01
1.143209242243827300e-01
2.429324869694291000e-01
7.422711287898197000e-01
3.965929496416799000e-01
5.766471222973276000e-01
3.652897773734207000e-01
0.000000000000000000e+00
1.000000000000000000e+00
3.666926733071866300e-01
9.514186056453350000e-02
3.662225625501362000e-01
2.242919209935437300e-01
8.397192207569821000e-01
6.794620215726757000e-01
4.648410574934120000e-01
0.000000000000000000e+00
1.000000000000000000e+00
7.213873626536229000e-01
2.753953869032158600e-01
3.679156648448854700e-01
1.097291022390909900e-01
4.338394326036582600e-01
7.009863072469846000e-01
3.530469794474145000e-01
2.518065045972502000e-01
6.523976990370190000e-01
0.000000000000000000e+00
5.359988617717466000e-01
3.389384139071446300e-01
6.541618562051132000e-02
2.843167318129898000e-01
4.113521505453632000e-01
7.813195648223902000e-01
9.086526625054427000e-01
0.000000000000000000e+00
8.650013283809068000e-01
3.781351315456864500e-01
4.357288060591773500e-01
2.133413575330845300e-01
8.804445175993542000e-02
0.000000000000000000e+00
2.753757988230687300e-01
3.251852461943527000e-01
8.377637467858531000e-01
8.309344663902685000e-01
6.665902171681660000e-01
0.000000000000000000e+00
4.175972293600717000e-01
5.347007688195754000e-01
1.288893624858428200e-02
4.841394625983027000e-01
5.701914483039379000e-01
5.703748277860707000e-01
1.000000000000000000e+00
2.096101082097234800e-02
2.541995038808775300e-01
2.695466924621298700e-01
1.801383785219587400e-01
0.000000000000000000e+00
4.542837233020789000e-01
3.651793635707324400e-01
0.000000000000000000e+00
3.458289295811814000e-01
1.000000000000000000e+00
6.164491109505748600e-02
5.618525947224284000e-02
7.879895122611023000e-01
0.000000000000000000e+00
0.000000000000000000e+00
0.000000000000000000e+00
0.000000000000000000e+00
1.115625546741431100e-01
3.849544459360719000e-01
2.926338006441868000e-01
0.000000000000000000e+00
2.693727277491768700e-01
1.263978224800948000e-01
7.107841515922154000e-01
5.160844510468218000e-01
3.667296707231685300e-01
4.223990926954710500e-01
5.986348978302912000e-01
4.333449457382939600e-01
4.014911139283768000e-01
4.864788354425264600e-01
3.156297124580357000e-01
9.119146312442222000e-02
5.011464172510928000e-01
5.793699458462397000e-01
1.423331251886558700e-01
0.000000000000000000e+00
1.641664786698555600e-01
8.761431749870028000e-01
5.112193231919824000e-01
5.226509573638678000e-01
7.841742239691340000e-01
1.852710928240752800e-01
4.167287867021275400e-01
6.455512574081324000e-02
2.914337132066069400e-03
2.895099509184899700e-01
5.539770961583399000e-01
0.000000000000000000e+00
2.276848849517928000e-01
4.089291025457855000e-01
0.000000000000000000e+00
8.836968133844456000e-01
7.832594054120965000e-01
4.991454797620170600e-02
2.060175990336502000e-01
1.000000000000000000e+00
1.526176132543126000e-01
2.794610680473177400e-01
1.823595676622369300e-02
5.691866611865142000e-01
4.971042134925879000e-01
1.778085382657456600e-01
0.000000000000000000e+00
3.118457418607446500e-01
2.620725905745464000e-01
0.000000000000000000e+00
1.523684190822944300e-01
2.063775816694582000e-01
5.581727048061319000e-01
7.256748501983006000e-01
5.764942411607645000e-01
0.000000000000000000e+00
5.900310633898125000e-01
0.000000000000000000e+00
4.056551433470805000e-01
0.000000000000000000e+00
5.644734304223482000e-01
5.727580472577902000e-01
7.609101086396880000e-02
1.179993464022043300e-01
1.427229480723923300e-01
3.731717601531691000e-01
2.258911019539494600e-01
4.222973689092019400e-01
4.525359200570675500e-01
1.966318683451975800e-01
6.446466312357690000e-02
1.089518398465847400e-01
7.796960996478259000e-01
3.130972034083573400e-02
0.000000000000000000e+00
3.629893059203886000e-01
5.549214722272836000e-01
5.904443413267335000e-01
4.588597784832676400e-01
4.120087688183386400e-01
0.000000000000000000e+00
9.292511737189035000e-02
9.587339972163207000e-01
8.432429448635443000e-01
5.496535847271932000e-01
2.964834065580443000e-01
5.931015904861998000e-01
1.516680937444021000e-01
2.515166129542923000e-01
9.513681937672236000e-02
4.206833213598582000e-02
1.898676381193027400e-01
6.105807823008977000e-01
2.267807729834049300e-01
4.198619763957861500e-02
6.901633225497401000e-01
2.103390925873892000e-01
4.050382701232832000e-01
9.394233837360510000e-01
1.272220340272298700e-01
0.000000000000000000e+00
0.000000000000000000e+00
1.699740561804562000e-01
2.716522316257862000e-01
5.041467859109533000e-01
5.993618277090094000e-01
5.224035597888019000e-01
1.081441299752385300e-01
0.000000000000000000e+00
2.123968785910318000e-01
1.757931468427999500e-01
2.255811142647688400e-01
2.850021379054498000e-01
5.809233510484695000e-01
4.929425842917280000e-01
6.766068529985966000e-01
8.319697220654968000e-01
4.541023904690197300e-01
4.930884708294487000e-01
4.047206649031731600e-02
4.041426154059156000e-01
9.831675651576794000e-01
1.395478248644543800e-01
7.233120002968589000e-01
4.001146880755412000e-01
7.268136204424162000e-01
0.000000000000000000e+00
7.264784315732051000e-01
4.163733957813251000e-01
6.038415871563192000e-01
4.173043906218313300e-01
6.414520279903894000e-01
4.834607317943401000e-01
0.000000000000000000e+00
1.206902899996460400e-01
7.515388904080866000e-01
5.681635581810334000e-01
0.000000000000000000e+00
7.851612467720198000e-02
1.292890327369241600e-01
6.367531385750449000e-01
7.888698747458142000e-01
5.059631095395031000e-01
7.801469277297750000e-01
9.256045814938530000e-02
4.235697388535139600e-01
1.400988692035843300e-01
4.593199389516309000e-01
8.558119066393140000e-01
7.746670523762325000e-01
4.294438049188078500e-01
6.584753320880448000e-01
1.217114895484638900e-01
6.291828402479638000e-02
0.000000000000000000e+00
5.929762874734117000e-01
6.047192952430621000e-01
3.868059170460016500e-01
2.757863491027754400e-01
9.342795771676364000e-01
2.004842502413704500e-01
2.740743023409743000e-01
4.202231885552404000e-02
4.594037307661991000e-02
1.865750852916227000e-01
5.909384745078143000e-01
1.104421470967805700e-01
5.721161550910058000e-01
2.702171426443795700e-01
3.091616996284342000e-01
8.017572037437559000e-02
3.723257843447231000e-01
4.338089513791861000e-01
3.331529503709978000e-01
2.762361429240650600e-02
1.942730304847831700e-01
0.000000000000000000e+00
3.515517889211672000e-02
5.700708742834512000e-01
6.405201405156051000e-01
2.268383090682996000e-02
4.562519234112448000e-01
5.137817339362809000e-01
5.714556411979154000e-01
9.227989731443231000e-01
6.874023510648116000e-01
1.103991298501733000e-01
2.962159398592826300e-01
3.969216237721790000e-01
3.220694095529846000e-01
5.447100798241765000e-01
2.339421097435433000e-01
5.063806745444418000e-01
3.568995132354119000e-01
5.832534218549089000e-01
5.406397944550955000e-01
9.307012281446203000e-02
5.554328314467407000e-01
1.000000000000000000e+00
8.197988101551543000e-01
7.433499031556070000e-01
6.351395494035197000e-01
3.291390056057259000e-01
4.617658104494289400e-01
5.736988549460620000e-01
5.282400965486325000e-01
2.845099011250674700e-01
7.598910948087041000e-01
2.228214781193523200e-01
0.000000000000000000e+00
2.522800242138230000e-01
0.000000000000000000e+00
1.000000000000000000e+00
5.211862812865005000e-01
2.952647292749762700e-01
6.492768596358669000e-01
2.358421048368418100e-01
0.000000000000000000e+00
7.358877053852599000e-01
2.388165900019996200e-01
4.528728183085716000e-01
0.000000000000000000e+00
3.626376745358065300e-01
4.122670197141291600e-01
3.856275154015043600e-01
4.567036994418313700e-01
7.185217034502027000e-01
4.259747116907221500e-01
8.188850098929046000e-01
4.371603768236736000e-01
6.987647770967073000e-01
6.125657951878427000e-02
5.663498668670294000e-01
6.060471287406392000e-01
3.246066639659483400e-01
1.193531986315953300e-01
6.161687365095570000e-01
3.305398495438195000e-01
5.517471627046369000e-01
7.651845264803443000e-01
2.541793966168250400e-01
2.272459122729490500e-01
2.047054552650903700e-01
6.692075928187038000e-01
3.892950435877249300e-01
8.108607926111464000e-01
3.734343723555666500e-01
2.220444634424738600e-01
3.367736111908582500e-01
8.634925634978317000e-01
2.297514543029751000e-01
2.251571777330199600e-01
1.000000000000000000e+00
9.402302016807821000e-01
0.000000000000000000e+00
5.078887155510537000e-01
4.993807138422054500e-01
0.000000000000000000e+00
4.164281985887061700e-01
6.004295326267048000e-01
3.008297812517720000e-01
1.456020892326643800e-01
4.502554802212493000e-01
3.132236928291869400e-01
3.794435304224813600e-01
3.711954336095580300e-01
3.177535165018035000e-01
3.290073023472279700e-01
4.332461855983360500e-01
7.274759953843608000e-01
4.619426476088426000e-01
2.965819586514776300e-01
4.069188378275737000e-01
2.166804692307925400e-01
1.650623752369031500e-01
2.131548765527336300e-01
4.336343162506956000e-01
6.399026478817829000e-01
4.409547652661559000e-01
2.601779780356722000e-01
6.701907988122133000e-01
8.127511153690128000e-01
5.617470611630520000e-01
5.430409043126282000e-01
6.983330200673143000e-02
8.814529226968577000e-01
4.819693027963918300e-01
6.673427160128672000e-01
3.463504537459522500e-01
2.816536158635820600e-01
4.486615406788317400e-01
8.186276421905263000e-01
4.749380787318448500e-01
5.298440546174276000e-01
5.455178113988424000e-01
2.328007096726012500e-01
7.485426096492550000e-01
2.326260994374618800e-01
1.000000000000000000e+00
2.124794905433944300e-01
5.986065394504851000e-01
4.489373474395370000e-01
3.956800548935431300e-01
5.121512795661455000e-01
5.729711411629673000e-02
