7.975655794143676758e-01
8.114843070507049561e-02
9.281287193298339844e-01
1.324105858802795410e-01
8.212192058563232422e-01
2.777515053749084473e-01
3.323549926280975342e-01
4.359641373157501221e-01
9.269582629203796387e-01
4.129606112837791443e-02
1.788050830364227295e-01
9.127455353736877441e-01
2.444896250963211060e-01
9.737579822540283203e-01
7.805933952331542969e-01
1.352813839912414551e-01
4.895876049995422363e-01
4.453778862953186035e-01
4.852506220340728760e-01
3.542866408824920654e-01
4.801627695560455322e-01
2.495821565389633179e-01
9.266081452369689941e-01
5.531933903694152832e-01
7.241426706314086914e-01
6.063247323036193848e-01
7.552572488784790039e-01
1.208380609750747681e-01
4.135331511497497559e-01
3.744627237319946289e-01
5.011384487152099609e-01
7.323964238166809082e-01
6.017773970961570740e-02
1.110435836017131805e-02
6.459062099456787109e-01
5.522289872169494629e-01
7.873053550720214844e-01
6.315300464630126953e-01
2.371420860290527344e-01
6.519991755485534668e-01
6.085028648376464844e-01
7.008582353591918945e-01
2.046326845884323120e-01
7.785293459892272949e-01
8.189429640769958496e-01
9.419901967048645020e-01
7.407084703445434570e-01
5.306145176291465759e-02
6.407756805419921875e-01
1.770460307598114014e-01
4.614465683698654175e-02
8.597397804260253906e-02
7.159186154603958130e-02
8.247674107551574707e-01
7.984760999679565430e-01
9.309101104736328125e-02
9.062077403068542480e-01
3.092828691005706787e-01
6.911910176277160645e-01
3.313837647438049316e-01
2.356814220547676086e-02
6.944791078567504883e-01
1.575670950114727020e-02
7.448338270187377930e-01
4.386972188949584961e-01
2.153988629579544067e-01
1.901207715272903442e-01
4.438112080097198486e-01
6.201852113008499146e-02
5.399409532546997070e-01
2.413520067930221558e-01
7.884074449539184570e-01
7.247291803359985352e-01
1.563257277011871338e-01
5.434288084506988525e-02
1.507642306387424469e-02
3.630251809954643250e-02
3.538537323474884033e-01
8.211461305618286133e-01
1.835024356842041016e-01
5.514360070228576660e-01
1.168166380375623703e-02
8.062328398227691650e-02
6.975438445806503296e-02
5.988860726356506348e-01
3.115664124488830566e-01
7.395044565200805664e-01
1.502963602542877197e-01
7.460733056068420410e-01
1.339026242494583130e-01
3.432759270071983337e-02
3.131224215030670166e-01
4.233892634510993958e-02
1.711346656084060669e-01
3.326411545276641846e-01
6.893377900123596191e-01
1.652528345584869385e-01
9.081172198057174683e-02
1.305742710828781128e-01
4.988225698471069336e-01
8.272287249565124512e-01
5.396546721458435059e-01
4.980591591447591782e-03
5.299055203795433044e-02
3.277737498283386230e-01
7.051068544387817383e-01
1.268184132641181350e-05
7.374915480613708496e-01
2.053259611129760742e-01
1.109622865915298462e-01
7.510490417480468750e-01
8.974927663803100586e-01
9.710422903299331665e-02
1.733950376510620117e-01
8.519211411476135254e-01
6.577305197715759277e-01
6.072952151298522949e-01
3.536226749420166016e-01
3.369050025939941406e-01
5.598836764693260193e-02
6.810775399208068848e-01
5.463522672653198242e-01
2.559944391250610352e-01
9.884411096572875977e-02
1.052557528018951416e-01
5.229853391647338867e-01
4.409546256065368652e-01
4.125914573669433594e-01
2.808977067470550537e-01
2.480811923742294312e-01
7.658381462097167969e-01
7.424430847167968750e-01
8.856699466705322266e-01
5.259522199630737305e-01
7.955943793058395386e-02
5.386196970939636230e-01
1.835303008556365967e-01
2.010426372289657593e-01
2.192167937755584717e-01
4.760193228721618652e-01
3.305722475051879883e-01
4.659589827060699463e-01
2.186648994684219360e-01
2.828229665756225586e-01
6.787668466567993164e-01
1.040500937961041927e-03
7.690208405256271362e-02
5.905202031135559082e-01
3.033562600612640381e-01
8.534710854291915894e-02
6.427014470100402832e-01
4.582673609256744385e-01
7.937862873077392578e-01
4.092189967632293701e-01
9.293283224105834961e-01
8.412057757377624512e-01
1.984531432390213013e-01
4.172804951667785645e-01
6.571866571903228760e-02
8.873606920242309570e-01
4.061749875545501709e-01
5.376896262168884277e-01
3.133752048015594482e-01
2.197752892971038818e-01
1.840157210826873779e-01
5.095863938331604004e-01
6.994433403015136719e-01
5.739793181419372559e-01
4.699448049068450928e-01
6.097830832004547119e-02
2.811408936977386475e-01
6.102746129035949707e-01
4.008482694625854492e-01
9.370507299900054932e-02
5.725334584712982178e-02
8.724633455276489258e-01
1.502482742071151733e-01
4.676795601844787598e-01
7.029701471328735352e-01
6.176626086235046387e-01
6.155427917838096619e-02
2.587517499923706055e-01
2.987714542541652918e-04
1.204489916563034058e-01
6.440320014953613281e-01
9.572800993919372559e-01
9.606852531433105469e-01
4.030298292636871338e-01
6.146923303604125977e-01
7.060450911521911621e-01
1.797239035367965698e-01
6.043132543563842773e-01
8.476691246032714844e-01
6.662689447402954102e-01
1.454754769802093506e-01
8.330510258674621582e-01
1.158975064754486084e-01
1.296383291482925415e-01
5.411511659622192383e-01
5.714714527130126953e-01
1.609275043010711670e-01
4.561534523963928223e-01
2.595994770526885986e-01
9.132779389619827271e-02
5.436035990715026855e-01
2.359215915203094482e-01
8.762106299400329590e-01
7.367764711380004883e-01
1.938900053501129150e-01
9.116170406341552734e-01
1.206725835800170898e-01
4.032222330570220947e-01
8.361578583717346191e-01
5.194553732872009277e-01
5.938147902488708496e-01
8.611616492271423340e-01
6.673665642738342285e-01
6.076596975326538086e-01
3.596298396587371826e-01
5.449494123458862305e-01
3.742434382438659668e-01
6.918133497238159180e-01
1.005033776164054871e-01
7.434504628181457520e-01
1.164584085345268250e-01
8.880680799484252930e-02
1.079647392034530640e-01
9.181573987007141113e-01
7.702236771583557129e-01
2.312276661396026611e-01
7.079922556877136230e-01
7.662053704261779785e-01
7.488452643156051636e-02
5.792371630668640137e-01
4.907437041401863098e-02
8.965319991111755371e-01
8.172460198402404785e-01
8.101874589920043945e-01
8.930919766426086426e-01
2.090236358344554901e-02
1.102966591715812683e-01
1.609324961900711060e-01
7.123845219612121582e-01
7.009734511375427246e-01
6.855778098106384277e-01
9.220959544181823730e-01
5.117391347885131836e-01
1.861789822578430176e-01
7.518887519836425781e-01
7.160023599863052368e-02
1.545220315456390381e-01
1.156791821122169495e-01
3.797033801674842834e-02
1.199888288974761963e-01
7.146899700164794922e-01
3.306137323379516602e-01
5.006994605064392090e-01
2.083836495876312256e-01
5.977131128311157227e-01
8.022229671478271484e-01
7.134796977043151855e-01
7.569154500961303711e-01
2.508907914161682129e-01
6.204792857170104980e-01
6.107445359230041504e-01
9.591598063707351685e-02
8.562771677970886230e-01
6.848683953285217285e-01
1.208026260137557983e-01
6.981240510940551758e-01
7.122882008552551270e-01
1.939061433076858521e-01
2.785601019859313965e-01
8.153150230646133423e-02
7.076681405305862427e-02
2.140784114599227905e-01
5.771783590316772461e-01
2.128068357706069946e-01
1.553961485624313354e-01
1.142432540655136108e-01
5.763396024703979492e-01
6.124008893966674805e-01
4.383840262889862061e-01
7.601938247680664062e-01
3.226477503776550293e-01
6.966361403465270996e-01
7.397769689559936523e-01
4.169221520423889160e-01
8.260498940944671631e-02
1.749038994312286377e-01
7.246337085962295532e-02
2.840818166732788086e-01
6.111108660697937012e-01
7.637848854064941406e-01
9.083124995231628418e-02
7.417706251144409180e-01
6.057890653610229492e-01
1.896422356367111206e-01
5.752136707305908203e-01
6.310543417930603027e-02
9.149202108383178711e-01
7.364699244499206543e-01
4.517738148570060730e-02
4.791449010372161865e-01
3.975205719470977783e-01
3.539814651012420654e-01
7.930644154548645020e-01
1.814146935939788818e-01
3.075725436210632324e-01
5.000934600830078125e-01
2.378800958395004272e-01
2.963443696498870850e-01
5.081222653388977051e-01
2.503381371498107910e-01
6.795030236244201660e-01
2.811365127563476562e-01
5.167111381888389587e-02
8.382648825645446777e-01
5.595515370368957520e-01
6.659764647483825684e-01
3.334302306175231934e-01
2.195074260234832764e-01
2.741904258728027344e-01
5.499685406684875488e-01
2.542403638362884521e-01
4.925920069217681885e-01
6.164565086364746094e-01
9.233894348144531250e-01
2.409936487674713135e-01
9.498433768749237061e-02
5.346325039863586426e-01
7.162692397832870483e-02
8.618683815002441406e-01
1.729463040828704834e-01
1.182609349489212036e-01
6.935791969299316406e-01
7.504773885011672974e-02
5.057075023651123047e-01
8.554124236106872559e-01
8.903473019599914551e-01
1.926931589841842651e-01
1.581571847200393677e-01
4.414916911628097296e-04
4.459402561187744141e-01
8.911380916833877563e-02
3.240912854671478271e-01
4.958552122116088867e-01
4.062241911888122559e-01
1.645248532295227051e-01
9.825921654701232910e-01
2.515675127506256104e-01
4.049012660980224609e-01
4.536764323711395264e-02
6.429124623537063599e-02
2.439661473035812378e-01
7.947231531143188477e-01
7.297375202178955078e-01
9.545553922653198242e-01
8.563535660505294800e-02
9.182025790214538574e-01
9.032709598541259766e-01
2.498002648353576660e-01
2.795709371566772461e-01
3.801360428333282471e-01
4.101834595203399658e-01
2.129261642694473267e-01
5.851151943206787109e-01
6.542494893074035645e-02
2.589452825486660004e-02
3.833959996700286865e-01
6.590434908866882324e-01
3.945101797580718994e-01
1.211832091212272644e-01
3.283376097679138184e-01
7.361463308334350586e-01
8.170265555381774902e-01
5.161039903759956360e-02
1.608081907033920288e-01
8.291943073272705078e-01
1.768460720777511597e-01
2.758659720420837402e-01
4.943512752652168274e-02
1.046510413289070129e-01
1.624667644500732422e-01
3.513817489147186279e-01
1.558800190687179565e-01
5.308496952056884766e-01
4.617861509323120117e-01
6.992733478546142578e-01
2.235401868820190430e-01
4.766811728477478027e-01
8.888194561004638672e-01
1.269282996654510498e-01
2.166429460048675537e-01
7.705386877059936523e-01
3.735457658767700195e-01
5.946531891822814941e-01
3.377021551132202148e-01
3.290833532810211182e-02
9.272203445434570312e-01
3.392728567123413086e-01
1.166760399937629700e-01
3.387461304664611816e-01
2.012434452772140503e-01
8.453513383865356445e-01
7.103964686393737793e-01
4.561640322208404541e-01
6.757932901382446289e-02
9.475784897804260254e-01
7.515575885772705078e-01
2.454509735107421875e-01
3.406449258327484131e-01
1.244057267904281616e-01
4.180454015731811523e-01
7.320271730422973633e-01
3.241499364376068115e-01
2.242675870656967163e-01
6.817852854728698730e-01
2.612621150910854340e-02
5.448775291442871094e-01
3.088912963867187500e-01
1.022088900208473206e-01
2.538058161735534668e-01
3.909692764282226562e-01
8.032286763191223145e-01
8.852651715278625488e-01
1.862605102360248566e-02
8.611658215522766113e-01
3.522132635116577148e-01
4.203453063964843750e-01
1.925861239433288574e-01
1.130681186914443970e-01
2.873510494828224182e-02
2.454330027103424072e-01
2.944074273109436035e-01
8.440688252449035645e-01
8.395215272903442383e-01
6.969786882400512695e-01
2.619557641446590424e-02
3.984292447566986084e-01
5.432676672935485840e-01
8.050130307674407959e-02
4.801847338676452637e-01
5.868497490882873535e-01
5.870721340179443359e-01
9.603072404861450195e-01
8.353983610868453979e-02
2.263561487197875977e-01
2.400753647089004517e-01
1.680783480405807495e-01
5.823790654540061951e-02
4.431020021438598633e-01
3.375786542892456055e-01
6.636879872530698776e-03
3.162941038608551025e-01
9.603487253189086914e-01
1.004914790391921997e-01
9.805072844028472900e-02
8.084465861320495605e-01
1.409537252038717270e-02
2.216653153300285339e-02
2.927375026047229767e-02
3.646837174892425537e-02
1.254078000783920288e-01
3.600312471389770508e-01
2.617619037628173828e-01
3.729248791933059692e-02
2.399166524410247803e-01
1.337720602750778198e-01
7.415271997451782227e-01
5.200945138931274414e-01
3.393143117427825928e-01
4.041976630687713623e-01
6.208539605140686035e-01
4.174438416957855225e-01
3.792942166328430176e-01
4.831049740314483643e-01
2.845808565616607666e-01
1.146557033061981201e-01
5.014328956604003906e-01
5.979304909706115723e-01
1.432770937681198120e-01
7.029543817043304443e-02
1.572057008743286133e-01
8.676933646202087402e-01
5.140204429626464844e-01
5.282834768295288086e-01
8.054748773574829102e-01
1.716974526643753052e-01
3.973891437053680420e-01
1.018144488334655762e-01
7.688607275485992432e-02
2.587548792362213135e-01
5.670648217201232910e-01
1.634386926889419556e-02
2.039844244718551636e-01
3.880884945392608643e-01
5.266208946704864502e-02
8.719692826271057129e-01
8.047572970390319824e-01
9.531266242265701294e-02
1.869559586048126221e-01
9.986467361450195312e-01
1.497056782245635986e-01
2.492353618144989014e-01
8.250256627798080444e-02
5.856310725212097168e-01
4.963802993297576904e-01
1.664557307958602905e-01
5.882937833666801453e-02
2.807446420192718506e-01
2.333237528800964355e-01
1.813574694097042084e-02
1.495470255613327026e-01
1.872297078371047974e-01
5.722075700759887695e-01
7.555387616157531738e-01
5.944688320159912109e-01
3.811291977763175964e-02
6.106761693954467773e-01
5.561283975839614868e-02
3.842082023620605469e-01
7.501535862684249878e-02
5.799012184143066406e-01
5.899576544761657715e-01
1.072115674614906311e-01
1.289804875850677490e-01
1.435164958238601685e-01
3.465721309185028076e-01
2.025318294763565063e-01
4.040753245353698730e-01
4.409467577934265137e-01
1.799272149801254272e-01
1.017730757594108582e-01
1.239830628037452698e-01
8.019427061080932617e-01
8.758766949176788330e-02
4.291552584618330002e-03
3.351342678070068359e-01
5.682235360145568848e-01
6.111673712730407715e-01
4.487552642822265625e-01
3.917512297630310059e-01
4.995680227875709534e-02
1.155385822057723999e-01
9.083514213562011719e-01
8.476405739784240723e-01
5.617501139640808105e-01
2.654983997344970703e-01
6.143199801445007324e-01
1.491021811962127686e-01
2.240155786275863647e-01
1.166734099388122559e-01
9.198310226202011108e-02
1.749906986951828003e-01
6.348091363906860352e-01
2.032513618469238281e-01
9.194877743721008301e-02
7.212793827056884766e-01
1.902626603841781616e-01
3.834786415100097656e-01
8.999902606010437012e-01
1.342503130435943604e-01
6.331966072320938110e-02
4.910174757242202759e-02
1.610914766788482666e-01
2.420012205839157104e-01
5.051832795143127441e-01
6.217093467712402344e-01
5.279750823974609375e-01
1.235450357198715210e-01
1.155170705169439316e-02
1.918528527021408081e-01
1.650623083114624023e-01
2.022815793752670288e-01
2.544553577899932861e-01
5.997964739799499512e-01
4.911791384220123291e-01
7.074506282806396484e-01
8.402176499366760254e-01
4.428786337375640869e-01
4.913614690303802490e-01
9.131863713264465332e-02
3.824205398559570312e-01
9.180271029472351074e-01
1.415760666131973267e-01
7.533500790596008301e-01
3.776754438877105713e-01
7.565888166427612305e-01
4.400112479925155640e-02
7.562800645828247070e-01
3.969637453556060791e-01
6.269624233245849609e-01
3.980785012245178223e-01
6.697955727577209473e-01
4.793376922607421875e-01
6.426213681697845459e-02
1.304995715618133545e-01
7.786290645599365234e-01
5.843891501426696777e-01
5.136116594076156616e-02
1.083777770400047302e-01
1.354559957981109619e-01
6.645786166191101074e-01
8.091273903846740723e-01
5.074533224105834961e-01
8.023005723953247070e-01
1.153524219989776611e-01
4.056080579757690430e-01
1.419112086296081543e-01
4.493244588375091553e-01
8.555806875228881836e-01
7.979184389114379883e-01
4.127081334590911865e-01
6.883414387702941895e-01
1.310800462961196899e-01
1.010684743523597717e-01
2.854166552424430847e-02
6.141714453697204590e-01
6.279885768890380859e-01
3.621671199798583984e-01
2.458131909370422363e-01
8.976514935493469238e-01
1.827869117259979248e-01
2.442297190427780151e-01
9.196387231349945068e-02
9.361292421817779541e-02
1.726266592741012573e-01
6.117542982101440430e-01
1.247945725917816162e-01
5.891810059547424316e-01
2.406874001026153564e-01
2.780426740646362305e-01
1.091822758316993713e-01
3.456147909164428711e-01
4.180080890655517578e-01
3.027502000331878662e-01
8.612596988677978516e-02
1.781934797763824463e-01
5.344748124480247498e-02
8.913647383451461792e-02
5.867035388946533203e-01
6.687640547752380371e-01
8.420167118310928345e-02
4.455319643020629883e-01
5.172204375267028809e-01
5.883814096450805664e-01
8.922559618949890137e-01
7.184956669807434082e-01
1.247711107134819031e-01
2.652377784252166748e-01
3.739304840564727783e-01
2.911814153194427490e-01
5.556559562683105469e-01
2.091115415096282959e-01
5.079750418663024902e-01
3.283843100070953369e-01
6.025896072387695312e-01
5.506256818771362305e-01
1.156127378344535828e-01
5.688507556915283203e-01
9.458719491958618164e-01
8.318777084350585938e-01
7.714909911155700684e-01
6.627780795097351074e-01
2.985307574272155762e-01
4.523524045944213867e-01
5.910951495170593262e-01
5.352416038513183594e-01
2.539887428283691406e-01
7.857432961463928223e-01
2.000642120838165283e-01
7.453563623130321503e-03
2.246798574924468994e-01
2.782134711742401123e-02
9.322787523269653320e-01
5.264579653739929199e-01
2.643118500709533691e-01
6.783903837203979492e-01
2.106869965791702271e-01
3.215228393673896790e-02
7.648468017578125000e-01
2.131709158420562744e-01
4.413619041442871094e-01
1.877846755087375641e-02
3.347428441047668457e-01
3.920590579509735107e-01
3.608072102069854736e-01
4.460900127887725830e-01
7.488725781440734863e-01
4.085105657577514648e-01
8.312377929687500000e-01
4.220904111862182617e-01
7.298425436019897461e-01
1.003160998225212097e-01
5.821851491928100586e-01
6.295379996299743652e-01
2.938067018985748291e-01
1.297428905963897705e-01
6.412615180015563965e-01
2.999994754791259766e-01
5.643255114555358887e-01
7.901653647422790527e-01
2.263386100530624390e-01
2.036282569169998169e-01
1.859607249498367310e-01
6.997353434562683105e-01
3.650470376014709473e-01
8.255344629287719727e-01
3.468695878982543945e-01
1.994432210922241211e-01
3.065852820873260498e-01
8.602614402770996094e-01
2.056673020124435425e-01
2.019397914409637451e-01
9.358013868331909180e-01
9.003528952598571777e-01
7.219486683607101440e-02
5.098596811294555664e-01
4.992259144783020020e-01
6.912519782781600952e-02
3.970292210578918457e-01
6.229639053344726562e-01
2.697579264640808105e-01
1.452950239181518555e-01
4.381379187107086182e-01
2.821378409862518311e-01
3.537075221538543701e-01
3.443376123905181885e-01
2.867477536201477051e-01
2.983926534652709961e-01
4.173236787319183350e-01
7.571982741355895996e-01
4.525713324546813965e-01
2.655945718288421631e-01
3.857041001319885254e-01
1.951955705881118774e-01
1.578001379966735840e-01
1.924411505460739136e-01
4.177958071231842041e-01
6.680798530578613281e-01
4.267249405384063721e-01
2.316335290670394897e-01
7.007671594619750977e-01
8.268916010856628418e-01
5.765764713287353516e-01
5.535944104194641113e-01
1.042533963918685913e-01
8.707115054130554199e-01
4.774768948554992676e-01
6.977725028991699219e-01
3.168583214282989502e-01
2.512923479080200195e-01
4.361768364906311035e-01
8.310571908950805664e-01
4.687136411666870117e-01
5.372359752655029297e-01
5.566529631614685059e-01
2.081692814826965332e-01
7.760358452796936035e-01
2.080253660678863525e-01
9.336419105529785156e-01
1.919168680906295776e-01
6.208206415176391602e-01
4.365162253379821777e-01
3.724782466888427734e-01
5.151843428611755371e-01
9.854340553283691406e-02
