-3.578600883483886719e+00
-1.313191950321197510e-01
-3.581877946853637695e+00
-1.919688224792480469e+00
-3.584756135940551758e+00
-3.558099746704101562e+00
-3.575014352798461914e+00
-3.555989742279052734e+00
-3.730464458465576172e+00
-3.570528507232666016e+00
-3.552953004837036133e+00
-3.575703859329223633e+00
-3.564482212066650391e+00
-3.567911386489868164e+00
-3.546587467193603516e+00
-3.562028169631958008e+00
-3.566323041915893555e+00
-3.548268079757690430e+00
-3.574395179748535156e+00
-3.566327333450317383e+00
-3.566610097885131836e+00
-3.562931776046752930e+00
-3.553996801376342773e+00
-3.580162048339843750e+00
-3.559959888458251953e+00
-3.557463169097900391e+00
9.446557164192199707e-01
-3.633174180984497070e+00
-3.546449422836303711e+00
-3.564986228942871094e+00
-3.592921495437622070e+00
-3.573460340499877930e+00
-3.565400123596191406e+00
-3.558792114257812500e+00
3.308705687522888184e-01
-3.558023691177368164e+00
-3.549341917037963867e+00
-3.569894313812255859e+00
-3.563740015029907227e+00
-3.578997611999511719e+00
8.736513853073120117e-01
4.964220523834228516e-01
-3.566522836685180664e+00
3.038357198238372803e-01
-3.819471120834350586e+00
-3.568376541137695312e+00
-3.653091430664062500e+00
-3.561330556869506836e+00
-3.554252624511718750e+00
-3.557652235031127930e+00
-3.554507732391357422e+00
-3.569922447204589844e+00
-3.576726913452148438e+00
-3.567672252655029297e+00
-3.554756641387939453e+00
-3.557223796844482422e+00
-3.559768438339233398e+00
-3.585060834884643555e+00
-2.319668829441070557e-01
-3.553539514541625977e+00
-1.133993864059448242e-01
6.713065505027770996e-01
-3.575997829437255859e+00
-3.556048631668090820e+00
-3.561180591583251953e+00
-3.566587686538696289e+00
-9.204884171485900879e-01
-3.695210218429565430e+00
-3.613035678863525391e+00
2.825052440166473389e-01
-3.580892562866210938e+00
-3.558288335800170898e+00
-3.570358514785766602e+00
-3.636075496673583984e+00
-3.570833683013916016e+00
-3.549666881561279297e+00
-3.673377275466918945e+00
2.114255428314208984e-01
-3.544378757476806641e+00
-7.672891616821289062e-01
-3.561840295791625977e+00
-7.685528695583343506e-02
-3.564041614532470703e+00
-3.564894676208496094e+00
-3.573996067047119141e+00
-3.582607746124267578e+00
-3.556580543518066406e+00
-3.566906929016113281e+00
-1.769895076751708984e+00
-3.568093776702880859e+00
-3.559707641601562500e+00
-3.568049430847167969e+00
-3.571066856384277344e+00
-3.575405836105346680e+00
-3.574645042419433594e+00
-3.562151432037353516e+00
-3.560001134872436523e+00
-3.565161228179931641e+00
-3.566206216812133789e+00
-9.148947596549987793e-01
-3.572494506835937500e+00
-3.565817594528198242e+00
-3.556550502777099609e+00
-3.551229000091552734e+00
-3.558009624481201172e+00
-3.696199417114257812e+00
-3.569274425506591797e+00
-3.555510997772216797e+00
-3.569692373275756836e+00
-3.549372673034667969e+00
-5.066481232643127441e-01
-3.575152158737182617e+00
-3.552053213119506836e+00
-3.554550647735595703e+00
-3.709909439086914062e+00
-3.571934700012207031e+00
-3.541576147079467773e+00
-3.578580379486083984e+00
-3.567805051803588867e+00
-3.576466560363769531e+00
-3.571365833282470703e+00
-3.555490970611572266e+00
-3.560342550277709961e+00
-3.564389228820800781e+00
-3.558051586151123047e+00
-3.545198202133178711e+00
-3.566753864288330078e+00
-3.538169860839843750e+00
-3.569152832031250000e+00
-3.577128887176513672e+00
-3.547114133834838867e+00
-3.571813344955444336e+00
-3.680011510848999023e+00
-3.697447299957275391e+00
-3.548979759216308594e+00
-3.571313858032226562e+00
-3.567460298538208008e+00
-3.528970241546630859e+00
-3.550553560256958008e+00
-3.564749956130981445e+00
-3.557153701782226562e+00
-3.557479381561279297e+00
-3.542284727096557617e+00
-3.555933952331542969e+00
-3.563981056213378906e+00
-3.571274757385253906e+00
-3.573765516281127930e+00
-3.566584348678588867e+00
-1.121197104454040527e+00
-3.555615663528442383e+00
-3.560878038406372070e+00
-3.564513921737670898e+00
-3.569318532943725586e+00
-3.567270994186401367e+00
-7.661095261573791504e-01
-6.500297188758850098e-01
-1.074431419372558594e+00
-3.561387538909912109e+00
-3.557539463043212891e+00
-3.759776115417480469e+00
-2.396555542945861816e-01
-3.596169710159301758e+00
-3.571598291397094727e+00
-1.840804368257522583e-01
-3.542317867279052734e+00
-3.572788476943969727e+00
-3.848572015762329102e+00
-3.558881044387817383e+00
-3.556373119354248047e+00
-3.542789459228515625e+00
-3.559192895889282227e+00
-3.566897630691528320e+00
-3.626629590988159180e+00
-1.496204435825347900e-01
-3.569422960281372070e+00
-3.550417900085449219e+00
4.010192453861236572e-01
-3.551737785339355469e+00
3.716365993022918701e-01
-3.549500942230224609e+00
-3.567154645919799805e+00
-3.539380788803100586e+00
-7.644225358963012695e-01
-3.548244953155517578e+00
-3.562944173812866211e+00
3.350918292999267578e-01
1.069627925753593445e-01
-3.553470134735107422e+00
-3.571485996246337891e+00
-3.537278175354003906e+00
-3.588762044906616211e+00
-3.566506147384643555e+00
-3.562784433364868164e+00
-3.743209362030029297e+00
4.991536438465118408e-01
-3.584782123565673828e+00
-3.538012266159057617e+00
-3.556198358535766602e+00
-3.560762405395507812e+00
-3.571710586547851562e+00
-3.853562116622924805e+00
-3.570288419723510742e+00
-3.564667940139770508e+00
-3.575192689895629883e+00
-3.559648752212524414e+00
-3.562889099121093750e+00
-3.593146324157714844e+00
-1.197930097579956055e+00
-3.552947044372558594e+00
-3.554485559463500977e+00
-3.561849594116210938e+00
-3.565953493118286133e+00
-3.646260023117065430e+00
-1.345371454954147339e-01
-3.564025878906250000e+00
-3.563609600067138672e+00
-3.582331180572509766e+00
-3.561702966690063477e+00
-3.548101663589477539e+00
-3.553637266159057617e+00
-3.563430309295654297e+00
-7.949838787317276001e-02
-2.440707683563232422e-01
8.634573221206665039e-01
-3.546405076980590820e+00
-3.562625646591186523e+00
1.690460562705993652e+00
-1.338880538940429688e+00
3.513934314250946045e-01
-3.553895711898803711e+00
-3.553374767303466797e+00
-4.914298951625823975e-01
-3.543760061264038086e+00
-3.557194232940673828e+00
-3.628200769424438477e+00
-3.545966148376464844e+00
-3.566826581954956055e+00
-8.527857661247253418e-01
-3.575429439544677734e+00
-3.567266464233398438e+00
-3.560361623764038086e+00
-3.579735755920410156e+00
-3.551851987838745117e+00
-3.568081378936767578e+00
-3.554404258728027344e+00
6.688074767589569092e-02
-2.865263938903808594e+00
-3.568157672882080078e+00
-3.572502613067626953e+00
-3.559887647628784180e+00
-3.562939882278442383e+00
-3.562501907348632812e+00
2.669699490070343018e-01
-3.574752092361450195e+00
-3.541817188262939453e+00
-3.556243896484375000e+00
-3.564968824386596680e+00
-9.101724028587341309e-01
-3.645672798156738281e+00
-3.555744171142578125e+00
-4.852212667465209961e-01
-3.558070182800292969e+00
-3.553282737731933594e+00
-3.573864698410034180e+00
-3.571969032287597656e+00
-3.539446353912353516e+00
-3.568648815155029297e+00
-3.587430953979492188e+00
-3.560185670852661133e+00
-3.657259702682495117e+00
-3.574337244033813477e+00
-3.558019876480102539e+00
-3.569967031478881836e+00
-3.579019308090209961e+00
-3.565905094146728516e+00
7.320374250411987305e-01
-3.564837932586669922e+00
-3.583894252777099609e+00
-3.576437950134277344e+00
-3.579652786254882812e+00
-3.672600269317626953e+00
-3.620100259780883789e+00
-3.550525188446044922e+00
-3.552081584930419922e+00
-5.299229025840759277e-01
-3.581465959548950195e+00
-3.562541484832763672e+00
-3.561640739440917969e+00
-3.570203542709350586e+00
-3.555065631866455078e+00
-3.553170442581176758e+00
-3.558688879013061523e+00
-1.154516562819480896e-01
-3.561122417449951172e+00
3.797750473022460938e-01
-3.566328763961791992e+00
-2.021893262863159180e+00
-3.554078102111816406e+00
-3.561532020568847656e+00
-3.565879583358764648e+00
-3.554481983184814453e+00
-3.561579465866088867e+00
-3.568370342254638672e+00
-3.560224533081054688e+00
1.923422962427139282e-01
-3.549678564071655273e+00
-3.561749219894409180e+00
-3.563169240951538086e+00
-3.588250160217285156e+00
-3.570316314697265625e+00
-3.573165178298950195e+00
-3.565859794616699219e+00
-3.568777561187744141e+00
-3.568522930145263672e+00
-3.571789979934692383e+00
-1.249694228172302246e+00
-3.576475143432617188e+00
-3.560100555419921875e+00
-3.558680534362792969e+00
-3.571551799774169922e+00
-3.761047124862670898e+00
-3.570374727249145508e+00
-3.569886922836303711e+00
7.803217172622680664e-01
-3.578785896301269531e+00
-3.566203832626342773e+00
-3.565713405609130859e+00
-3.572777271270751953e+00
-3.556561231613159180e+00
-3.568914651870727539e+00
-3.564257383346557617e+00
-3.548038005828857422e+00
-3.562177658081054688e+00
-3.558641433715820312e+00
-3.566056251525878906e+00
-3.565899848937988281e+00
-3.565148115158081055e+00
-3.553548812866210938e+00
-3.564536094665527344e+00
-3.571240663528442383e+00
5.495052337646484375e-01
-3.636936902999877930e+00
-3.655258655548095703e+00
-3.984105587005615234e-02
-3.533924579620361328e+00
-3.553628206253051758e+00
-3.576007843017578125e+00
-1.922978311777114868e-01
-3.553587436676025391e+00
-3.632226943969726562e+00
-3.560801744461059570e+00
-3.572059631347656250e+00
-3.575231075286865234e+00
-3.574215173721313477e+00
-3.555065393447875977e+00
-3.569355487823486328e+00
-3.541793584823608398e+00
4.249996542930603027e-01
-3.575501680374145508e+00
-3.562241792678833008e+00
-1.023680329322814941e+00
-3.565052509307861328e+00
-3.554599761962890625e+00
1.258188009262084961e+00
-3.571906805038452148e+00
-3.572344541549682617e+00
-3.550285816192626953e+00
-3.583101987838745117e+00
-3.551750659942626953e+00
-3.571624279022216797e+00
-3.549368143081665039e+00
-3.562531948089599609e+00
-3.574398994445800781e+00
-3.549300670623779297e+00
-3.559867858886718750e+00
-3.569873094558715820e+00
-3.565012693405151367e+00
-3.556568145751953125e+00
-3.584449529647827148e+00
5.301556587219238281e-01
-1.720857739448547363e+00
-3.575418710708618164e+00
-3.570769071578979492e+00
-3.557438135147094727e+00
-3.753837943077087402e-01
-3.554023504257202148e+00
-3.739523172378540039e+00
-3.552696466445922852e+00
-3.565570116043090820e+00
-3.571330308914184570e+00
-3.555768489837646484e+00
-3.578433036804199219e+00
-1.383141428232192993e-01
-3.546094417572021484e+00
-3.565279483795166016e+00
-3.580141782760620117e+00
6.418547034263610840e-01
7.351552695035934448e-02
-3.563706398010253906e+00
-3.574801683425903320e+00
-3.560244083404541016e+00
-3.569491624832153320e+00
-3.557981967926025391e+00
-3.548875331878662109e+00
3.567632734775543213e-01
1.031906962394714355e+00
-3.565114736557006836e+00
-3.572544336318969727e+00
-3.569322347640991211e+00
-3.708953142166137695e+00
-3.553885936737060547e+00
-3.563943862915039062e+00
6.146292760968208313e-02
-1.145068034529685974e-01
-3.567981481552124023e+00
-3.578826427459716797e+00
-3.560235261917114258e+00
-3.563602209091186523e+00
-3.566947460174560547e+00
-3.701282739639282227e+00
-3.581234455108642578e+00
-3.546296596527099609e+00
-3.558527708053588867e+00
-3.538925886154174805e+00
-3.553234338760375977e+00
-3.581212997436523438e+00
-3.568800926208496094e+00
-3.536961317062377930e+00
-3.560809612274169922e+00
-3.569112062454223633e+00
-3.553229331970214844e+00
-3.555757045745849609e+00
-3.560432910919189453e+00
-3.559079408645629883e+00
-3.549345016479492188e+00
-3.584449291229248047e+00
-3.567645788192749023e+00
-3.576302766799926758e+00
-3.573674917221069336e+00
-3.567737817764282227e+00
-3.564343452453613281e+00
-9.699329137802124023e-01
-1.663534492254257202e-01
-3.562870264053344727e+00
-3.561468362808227539e+00
-3.563309192657470703e+00
3.947385251522064209e-01
-3.591624736785888672e+00
-3.544854402542114258e+00
-3.568858385086059570e+00
-3.566007137298583984e+00
-3.557105779647827148e+00
-3.555520057678222656e+00
-3.479018807411193848e-01
-3.567024707794189453e+00
-3.550760507583618164e+00
-3.568634271621704102e+00
-3.562451124191284180e+00
-3.572322368621826172e+00
-3.578680515289306641e+00
-3.558121681213378906e+00
-3.569189786911010742e+00
-3.562470912933349609e+00
-3.557913064956665039e+00
-3.762887716293334961e+00
-3.572670698165893555e+00
-3.563274621963500977e+00
-3.562263250350952148e+00
-3.544058322906494141e+00
-3.590108156204223633e+00
-6.397656202316284180e-01
-3.615917921066284180e+00
-3.618964195251464844e+00
-3.561363220214843750e+00
-3.541203022003173828e+00
-3.554537057876586914e+00
-3.556234121322631836e+00
-3.560276031494140625e+00
-3.542784929275512695e+00
-3.558971881866455078e+00
-3.553315162658691406e+00
-1.863915659487247467e-02
-3.561742544174194336e+00
-3.564759731292724609e+00
-4.898821115493774414e-01
-1.403085350990295410e+00
-3.574968099594116211e+00
-3.572232007980346680e+00
-3.560899496078491211e+00
-3.558239459991455078e+00
1.039024114608764648e+00
-3.566318511962890625e+00
-3.579752445220947266e+00
-3.586175203323364258e+00
-3.567384243011474609e+00
-3.548305511474609375e+00
-3.554737806320190430e+00
-3.562422275543212891e+00
-3.571706533432006836e+00
-3.555902957916259766e+00
-3.564673185348510742e+00
-8.787679076194763184e-01
-3.555956602096557617e+00
-3.567463874816894531e+00
-3.573420524597167969e+00
-3.557564496994018555e+00
-3.563157796859741211e+00
-3.553363800048828125e+00
-3.563325166702270508e+00
-3.562411308288574219e+00
-7.245851159095764160e-01
-3.561850309371948242e+00
-3.574785232543945312e+00
-3.571679592132568359e+00
-3.561089515686035156e+00
1.029796481132507324e+00
-3.557753562927246094e+00
-3.547675848007202148e+00
-3.570340156555175781e+00
-9.199353456497192383e-01
-3.557627677917480469e+00
-3.572636127471923828e+00
-3.609155654907226562e+00
-3.553917407989501953e+00
-3.556571960449218750e+00
-3.557037115097045898e+00
1.184780970215797424e-01
-7.577095031738281250e-01
-3.569426298141479492e+00
-3.558478116989135742e+00
9.106280803680419922e-01
-3.559711933135986328e+00
-3.557634830474853516e+00
-3.660765409469604492e+00
-3.558479070663452148e+00
-3.566092729568481445e+00
-3.571533918380737305e+00
-3.571483850479125977e+00
-3.814002037048339844e+00
-3.564108133316040039e+00
-3.558471202850341797e+00
-3.567924022674560547e+00
-3.580194234848022461e+00
-3.572583675384521484e+00
-3.613836288452148438e+00
-3.553379058837890625e+00
3.344538211822509766e-01
4.569854587316513062e-02
-3.564469814300537109e+00
-3.551100015640258789e+00
-3.568598508834838867e+00
-3.562748670578002930e+00
-3.565956115722656250e+00
-3.559146404266357422e+00
-2.568646101281046867e-03
-3.841189384460449219e+00
-1.994172573089599609e+00
-2.139402180910110474e-01
-3.560857772827148438e+00
1.624396294355392456e-01
-3.571594953536987305e+00
-3.565280914306640625e+00
-3.584579467773437500e+00
-3.551740169525146484e+00
-3.544268369674682617e+00
-3.566954135894775391e+00
-3.555508136749267578e+00
-3.562286615371704102e+00
-3.856261014938354492e+00
-3.563719511032104492e+00
-3.544253110885620117e+00
-3.558432340621948242e+00
-3.551050901412963867e+00
-3.574131965637207031e+00
-3.557512044906616211e+00
-3.556668043136596680e+00
-3.561843395233154297e+00
-3.567650794982910156e+00
1.189449548721313477e+00
-2.470125257968902588e-01
-3.559517145156860352e+00
-3.574241399765014648e+00
-3.557562828063964844e+00
-3.544318914413452148e+00
-3.714913368225097656e+00
1.632280200719833374e-01
-3.545476913452148438e+00
-3.569812059402465820e+00
1.184610962867736816e+00
-3.574935674667358398e+00
-3.572498083114624023e+00
-3.564591884613037109e+00
-3.554525375366210938e+00
-3.551874160766601562e+00
-3.572547912597656250e+00
-3.562319755554199219e+00
2.732688784599304199e-01
-3.572011709213256836e+00
-3.577623605728149414e+00
-3.570493936538696289e+00
-3.555871963500976562e+00
-3.568218946456909180e+00
-3.567098855972290039e+00
-3.570703744888305664e+00
-3.725960731506347656e+00
-3.554597377777099609e+00
7.515283226966857910e-01
-5.886424183845520020e-01
-3.580789804458618164e+00
-3.528825938701629639e-01
-3.554253578186035156e+00
-3.563045024871826172e+00
-3.558248519897460938e+00
-3.564842939376831055e+00
-3.556811571121215820e+00
-3.548837661743164062e+00
-5.142583847045898438e-01
-3.644406557083129883e+00
-3.554715394973754883e+00
-3.759451150894165039e+00
-3.549987077713012695e+00
-3.550152778625488281e+00
-3.552727699279785156e+00
-3.560590744018554688e+00
-3.574777126312255859e+00
5.753591656684875488e-01
-3.556370258331298828e+00
-3.682864904403686523e+00
-3.569393873214721680e+00
-3.553544044494628906e+00
-3.559639930725097656e+00
-3.570100545883178711e+00
-3.570495367050170898e+00
5.499488711357116699e-01
-3.562183856964111328e+00
-1.548034399747848511e-01
-3.563144683837890625e+00
-3.578698873519897461e+00
-4.638884663581848145e-01
-3.574359416961669922e+00
-3.562043905258178711e+00
-3.561194181442260742e+00
-3.573636054992675781e+00
-3.560571193695068359e+00
-3.580535888671875000e+00
-5.360929369926452637e-01
-3.581161022186279297e+00
-3.566508293151855469e+00
-3.574733018875122070e+00
1.428611576557159424e-01
-3.550776004791259766e+00
-3.573436260223388672e+00
-3.556515216827392578e+00
-3.575137138366699219e+00
-3.577608108520507812e+00
-3.560225248336791992e+00
-3.561415433883666992e+00
-3.585014820098876953e+00
3.958540856838226318e-01
-7.600750923156738281e-01
-3.551224231719970703e+00
-1.270192623138427734e+00
-3.557888984680175781e+00
-3.567234754562377930e+00
-3.571724414825439453e+00
-2.353940010070800781e+00
-3.568078279495239258e+00
-3.558235645294189453e+00
-3.604293823242187500e+00
-3.562456607818603516e+00
-3.551151752471923828e+00
-3.695354700088500977e+00
-3.562916517257690430e+00
-3.559870958328247070e+00
-3.569074392318725586e+00
-3.565443992614746094e+00
-3.555668830871582031e+00
-3.578142881393432617e+00
-3.624333620071411133e+00
-3.573762655258178711e+00
-3.577924013137817383e+00
-3.579214334487915039e+00
-5.369389057159423828e-01
-3.553389787673950195e+00
-1.557517528533935547e+00
-3.560618638992309570e+00
-3.554140090942382812e+00
-3.937719106674194336e+00
-3.571632385253906250e+00
-3.567123174667358398e+00
-3.581665992736816406e+00
6.583262085914611816e-01
-3.556750297546386719e+00
-8.905683755874633789e-01
-3.573556661605834961e+00
-3.580376148223876953e+00
-3.567954778671264648e+00
-3.559076309204101562e+00
-3.561596393585205078e+00
-3.566864252090454102e+00
6.182001233100891113e-01
-1.262293457984924316e+00
-3.570767164230346680e+00
-3.561721563339233398e+00
-3.564065933227539062e+00
-3.568400621414184570e+00
-3.544354915618896484e+00
-3.542286157608032227e+00
-3.564246177673339844e+00
-3.569683074951171875e+00
-3.551532268524169922e+00
2.400284260511398315e-01
-3.547414541244506836e+00
-3.584499835968017578e+00
-3.582814693450927734e+00
-3.690095186233520508e+00
-3.580488920211791992e+00
-3.543271064758300781e+00
-3.584463357925415039e+00
-3.552398204803466797e+00
-3.572885036468505859e+00
-3.563678503036499023e+00
-3.587337732315063477e+00
-3.554345846176147461e+00
-3.566219091415405273e+00
-3.589165687561035156e+00
-3.556615829467773438e+00
-3.564042568206787109e+00
-3.568345546722412109e+00
-3.540678262710571289e+00
-3.562674045562744141e+00
-3.558634519577026367e+00
2.411988526582717896e-01
-3.549868822097778320e+00
-3.558791875839233398e+00
-3.563244581222534180e+00
-3.572712659835815430e+00
-3.560004472732543945e+00
-3.557879209518432617e+00
-3.566968679428100586e+00
-3.555680990219116211e+00
-5.368656516075134277e-01
-3.675055742263793945e+00
-3.565588235855102539e+00
-3.566104173660278320e+00
-3.558924198150634766e+00
-3.547941207885742188e+00
6.761611700057983398e-01
-3.560510635375976562e+00
-3.570499420166015625e+00
-3.545295238494873047e+00
-3.623763561248779297e+00
-3.554419279098510742e+00
-3.560352325439453125e+00
-3.553699016571044922e+00
7.698364257812500000e-01
-1.725006103515625000e-02
-3.573279142379760742e+00
-3.565277099609375000e+00
-3.555052995681762695e+00
3.934645354747772217e-01
-3.571478843688964844e+00
-3.567082881927490234e+00
-3.571605920791625977e+00
-3.566206216812133789e+00
-3.555525064468383789e+00
-3.574475288391113281e+00
-3.553869247436523438e+00
-3.561600446701049805e+00
-3.560638189315795898e+00
-3.554390192031860352e+00
-3.577021360397338867e+00
-3.623118877410888672e+00
-3.554309844970703125e+00
-3.550019979476928711e+00
-7.363182306289672852e-01
-3.562519311904907227e+00
-3.563014268875122070e+00
-3.965367794036865234e+00
-3.552175045013427734e+00
-3.553498268127441406e+00
1.615330576896667480e-02
-3.552165269851684570e+00
-3.578068017959594727e+00
-3.562551259994506836e+00
3.692594766616821289e-01
3.175130188465118408e-01
-3.547291278839111328e+00
-3.560535430908203125e+00
-3.562760353088378906e+00
-3.584211349487304688e+00
-3.571998357772827148e+00
-3.553517580032348633e+00
6.565982699394226074e-01
-3.666584491729736328e+00
-1.162165045738220215e+00
-3.560901880264282227e+00
-3.582403421401977539e+00
-3.553711175918579102e+00
-5.598579645156860352e-01
-3.570440530776977539e+00
-3.563909053802490234e+00
-3.665567398071289062e+00
-3.568836212158203125e+00
-3.557376861572265625e+00
-3.574452877044677734e+00
-3.562556266784667969e+00
-3.549492359161376953e+00
-3.579847574234008789e+00
-3.625794887542724609e+00
1.809607982635498047e+00
